112 92 941 | 0 252
145 98 2982 | 121 97
121 98 879 | 0 250
145 98 115 | 91 91
139 100 2486 | 103 98
141 88 1650 | 0 421
139 98 1307 | 0 327
138 96 2148 | 0 409
145 98 2440 | 123 99
139 100 2583 | 0 309
145 98 2659 | 0 239
132 95 1699 | 0 376
139 98 1507 | 0 262
145 98 1978 | 0 340
125 89 320 | 0 450
139 98 1823 | 0 262
132 95 2412 | 0 406
145 98 1709 | 0 426
117 100 2204 | 0 484
133 99 2818 | 0 295
139 98 1543 | 0 323
121 95 858 | 0 433
118 72 2601 | 0 417
139 100 1453 | 0 375
126 91 1869 | 0 399
133 99 1814 | 0 484
127 96 2955 | 0 177
126 91 455 | 0 294
124 91 1789 | 0 295
106 100 1347 | 0 401
125 89 2580 | 0 515
127 96 447 | 0 296
139 100 857 | 0 223
141 88 476 | 0 433
117 101 1939 | 0 411
137 97 313 | 0 325
111 97 2547 | 0 390
145 98 1293 | 0 321
141 88 1224 | 0 404
123 85 839 | 0 232
136 93 546 | 0 441
133 94 1333 | 0 300
133 99 1962 | 0 153
98 94 2542 | 0 219
139 98 1149 | 0 442
141 88 2629 | 0 379
120 83 2432 | 0 310
123 99 741 | 0 346
145 98 2465 | 0 232
120 93 2489 | 100 87
136 93 1086 | 0 319
131 93 1704 | 0 249
130 95 886 | 0 269
145 98 159 | 0 417
126 91 397 | 0 199
141 88 2960 | 0 329
139 98 1445 | 0 103
139 100 1501 | 0 334
139 100 2905 | 0 353
124 91 2033 | 0 447
138 96 760 | 0 376
115 98 1029 | 0 278
121 98 2759 | 0 293
139 100 33 | 0 378
117 100 2126 | 0 225
145 98 2185 | 0 422
132 95 2025 | 0 266
132 95 625 | 101 88
130 95 898 | 80 48
141 88 2873 | 0 325
141 88 2214 | 0 379
145 98 2593 | 0 379
127 95 1878 | 0 374
137 97 807 | 118 90
131 93 32 | 0 220
145 98 431 | 0 392
131 101 2551 | 0 371
141 88 1948 | 0 399
130 95 2494 | 0 349
139 98 495 | 0 302
126 91 423 | 0 243
145 98 51 | 0 234
137 97 501 | 0 367
139 98 1865 | 0 200
125 93 21 | 0 328
141 88 178 | 0 393
137 97 2575 | 0 284
145 98 2565 | 0 400
123 85 335 | 0 334
141 88 2 | 0 355
139 98 85 | 0 341
139 100 877 | 0 139
131 101 193 | 0 434
141 88 2592 | 98 86
127 95 2447 | 0 317
138 96 172 | 0 407
141 88 548 | 0 299
137 97 1331 | 0 507
118 72 2656 | 0 246
120 93 1101 | 0 467
141 88 1982 | 0 373
145 98 313 | 0 504
141 88 1956 | 0 430
131 101 2155 | 0 252
132 95 1857 | 0 312
127 95 1834 | 0 461
120 93 3 | 0 291
139 98 459 | 0 231
138 96 702 | 0 392
125 93 583 | 0 471
137 97 433 | 105 96
120 101 2758 | 0 208
120 83 2208 | 96 83
139 98 2401 | 119 89
138 96 2990 | 124 91
130 95 1566 | 0 385
139 100 703 | 0 390
123 99 425 | 0 334
131 93 2297 | 0 402
139 100 853 | 0 544
141 88 922 | 0 272
145 98 2459 | 0 288
126 91 2988 | 126 91
139 100 1483 | 0 138
137 97 1779 | 0 544
138 96 50 | 0 271
113 90 289 | 0 333
123 85 1003 | 0 352
124 91 1040 | 0 285
123 100 837 | 0 164
141 88 882 | 107 100
137 97 2441 | 0 441
145 98 2638 | 0 472
145 98 2091 | 0 405
126 91 3 | 0 191
133 94 543 | 0 428
111 88 883 | 0 323
127 95 1126 | 0 235
126 91 2849 | 0 199
131 101 1207 | 0 450
136 93 52 | 0 353
125 89 358 | 0 299
139 98 840 | 0 308
139 100 1651 | 0 434
139 98 1834 | 0 467
145 98 121 | 0 367
137 97 65 | 0 364
120 101 280 | 0 329
133 99 1594 | 0 399
133 94 61 | 0 271
137 97 637 | 0 310
141 88 650 | 0 259
139 98 1917 | 0 468
139 100 2501 | 0 309
139 100 1741 | 0 401
131 101 2087 | 0 481
103 96 415 | 0 368
133 99 2346 | 0 230
127 95 6 | 0 269
139 100 83 | 125 93
120 93 651 | 0 385
145 98 985 | 0 343
125 89 530 | 0 390
132 95 931 | 0 328
141 88 2705 | 0 327
139 98 2277 | 0 327
145 98 2994 | 145 98
133 99 1710 | 0 336
139 100 2033 | 0 373
141 88 594 | 0 368
131 93 1758 | 0 347
131 93 580 | 0 373
125 93 2519 | 0 493
139 100 2911 | 0 571
120 101 438 | 84 88
124 91 2285 | 0 418
131 101 1903 | 0 425
133 99 2150 | 0 434
138 96 729 | 0 204
132 95 1011 | 0 294
131 93 350 | 0 298
138 96 662 | 0 362
133 94 591 | 0 258
138 96 2178 | 0 504
125 89 932 | 0 411
120 93 1421 | 0 474
133 99 134 | 0 397
133 94 7 | 0 336
127 96 957 | 0 435
139 98 1201 | 101 88
126 91 2907 | 0 261
132 95 1259 | 0 258
139 98 1997 | 0 461
133 99 6 | 0 250
114 92 1046 | 0 212
139 98 193 | 0 245
136 93 2482 | 0 443
136 93 104 | 0 344
130 95 44 | 0 165
136 93 674 | 0 442
127 96 2045 | 0 394
121 95 858 | 0 488
139 98 957 | 0 520
124 91 1442 | 0 468
141 88 426 | 0 358
145 98 631 | 0 176
136 93 2741 | 0 487
138 96 1218 | 0 497
139 98 941 | 0 192
120 101 2594 | 0 351
133 94 771 | 0 504
145 98 2165 | 0 269
126 91 629 | 0 349
118 72 2347 | 0 464
141 88 1776 | 0 264
123 101 2283 | 0 404
136 93 1572 | 0 329
124 91 818 | 0 342
131 101 2513 | 0 394
139 98 2039 | 0 309
141 88 2620 | 0 496
145 98 2317 | 0 314
123 100 31 | 0 469
127 96 2838 | 0 449
133 94 1599 | 0 352
127 96 1709 | 109 93
138 96 1118 | 0 435
139 100 2820 | 0 354
139 100 449 | 0 329
141 88 1738 | 0 314
121 95 2852 | 0 335
121 95 1854 | 0 415
125 89 2400 | 0 281
138 96 2634 | 0 396
123 100 2731 | 0 298
131 93 836 | 0 297
127 95 2 | 0 362
136 93 1780 | 0 410
141 88 2665 | 0 229
136 93 1368 | 0 465
131 101 1518 | 0 320
141 88 850 | 0 467
136 93 2860 | 0 183
133 99 476 | 0 523
145 98 457 | 0 420
141 88 2980 | 141 88
130 95 2321 | 0 330
141 88 1112 | 0 332
132 95 397 | 0 380
132 95 2945 | 0 409
130 95 2844 | 0 442
120 93 2570 | 0 398
133 94 2063 | 0 176
133 99 1624 | 86 81
145 98 2549 | 0 377
123 85 115 | 0 316
141 88 758 | 0 364
139 98 699 | 0 177
117 100 434 | 0 316
115 98 2157 | 0 247
139 98 2766 | 0 395
120 83 4 | 0 244
141 88 2319 | 0 219
133 99 906 | 0 305
139 100 2003 | 0 331
145 98 987 | 0 303
145 98 2276 | 0 268
127 95 2606 | 0 252
119 91 1660 | 0 463
130 95 2148 | 0 261
131 93 782 | 0 463
137 97 675 | 101 88
139 98 1422 | 0 188
133 94 1241 | 0 290
141 88 1706 | 131 101
123 100 1801 | 0 481
125 93 865 | 0 411
127 95 1620 | 0 252
139 100 1601 | 0 243
133 99 276 | 0 321
132 95 2083 | 0 265
124 91 136 | 0 285
137 97 647 | 0 217
127 96 423 | 0 362
117 101 1411 | 0 354
136 93 1209 | 0 361
133 94 2273 | 0 363
138 96 2074 | 0 207
136 93 2956 | 0 197
145 98 2063 | 0 281
127 95 848 | 0 331
145 98 1505 | 0 430
137 97 738 | 0 309
145 98 2923 | 0 300
139 100 2617 | 0 409
131 93 86 | 0 408
133 94 1087 | 0 471
137 97 451 | 0 330
132 95 2349 | 0 476
125 89 2648 | 0 321
119 89 2703 | 0 453
131 101 1042 | 0 272
139 98 559 | 0 350
131 101 1651 | 0 352
139 98 2618 | 0 501
125 93 1489 | 0 160
139 100 2677 | 0 386
133 94 2110 | 0 468
133 94 2469 | 0 244
127 96 2017 | 0 233
121 98 2937 | 0 254
141 88 2164 | 0 278
141 88 2244 | 0 469
139 100 573 | 0 461
139 98 189 | 0 253
120 93 259 | 0 293
119 91 2038 | 0 285
131 101 153 | 0 224
123 85 1077 | 0 330
123 85 617 | 0 308
123 99 2120 | 0 298
131 93 1276 | 0 178
121 97 1238 | 0 365
141 88 2246 | 0 366
139 100 2825 | 0 409
139 100 1361 | 0 326
145 98 2869 | 0 358
145 98 497 | 0 326
139 100 911 | 0 373
136 93 2729 | 0 340
133 99 2961 | 0 256
113 90 27 | 0 257
132 95 2558 | 0 511
120 93 2707 | 107 90
141 88 2957 | 0 321
123 101 2063 | 0 482
138 96 904 | 0 192
141 88 2290 | 0 394
127 95 880 | 0 228
138 96 2816 | 0 487
127 95 1746 | 0 370
133 94 1655 | 0 324
123 99 1447 | 0 254
130 95 474 | 0 279
139 98 1213 | 0 362
139 100 2617 | 0 284
139 100 2269 | 0 249
138 96 503 | 0 359
139 98 413 | 0 464
139 98 1985 | 0 312
127 96 1039 | 0 313
123 101 2105 | 0 266
136 93 2846 | 123 99
127 95 2076 | 0 392
131 101 1983 | 0 266
121 97 1332 | 0 349
145 98 1565 | 0 477
133 94 1685 | 0 451
138 96 744 | 0 307
123 85 1 | 0 304
119 91 196 | 0 214
133 94 2047 | 0 381
136 93 2791 | 0 321
139 98 2457 | 0 358
125 93 2153 | 0 280
136 93 2038 | 0 224
133 99 30 | 0 375
121 97 1272 | 0 186
133 99 2229 | 0 470
125 89 2491 | 0 421
125 93 535 | 0 153
113 98 2252 | 0 276
141 88 22 | 0 321
131 93 2792 | 0 441
133 99 1326 | 0 160
126 91 2723 | 0 342
125 93 1155 | 0 274
123 101 352 | 0 265
126 91 549 | 0 199
126 91 1823 | 0 448
127 95 2918 | 0 495
133 94 1465 | 0 276
145 98 1493 | 0 311
130 95 684 | 0 375
110 98 269 | 0 474
138 96 1696 | 0 478
127 96 1943 | 0 366
121 97 1586 | 0 336
120 83 248 | 0 287
121 95 652 | 0 397
141 88 880 | 0 259
139 100 657 | 123 99
131 101 2051 | 0 280
110 98 1708 | 0 383
137 97 183 | 0 246
136 93 1460 | 0 256
133 94 2540 | 0 262
130 95 2500 | 76 69
139 98 2715 | 0 395
139 100 1069 | 0 441
133 99 1830 | 0 291
138 96 1200 | 0 497
145 98 2928 | 0 385
138 96 644 | 0 328
136 93 1594 | 0 313
127 96 397 | 0 263
138 96 404 | 0 278
138 96 258 | 0 226
137 97 1585 | 0 390
133 99 1154 | 0 578
120 101 2 | 0 292
139 98 419 | 0 575
138 96 814 | 0 404
139 98 1941 | 0 473
145 98 971 | 0 369
118 90 1777 | 0 347
131 101 2972 | 0 437
120 93 407 | 0 361
145 98 605 | 0 357
145 98 2517 | 95 89
139 98 2307 | 0 343
130 95 1796 | 0 306
138 96 1460 | 107 101
125 89 2747 | 0 456
132 95 1397 | 0 305
123 101 639 | 0 493
136 93 866 | 0 292
114 92 2208 | 0 396
138 96 244 | 0 212
130 95 1444 | 0 432
132 95 2245 | 0 316
139 100 1644 | 0 419
119 94 1570 | 119 76
115 100 663 | 0 210
124 91 2622 | 0 287
107 101 329 | 0 580
125 93 1833 | 0 376
138 96 1626 | 0 337
120 93 2231 | 0 351
133 94 1939 | 0 485
131 101 1263 | 0 194
132 95 2985 | 132 95
121 97 1220 | 0 300
141 88 620 | 0 167
133 99 1866 | 0 416
139 98 621 | 0 257
139 100 1287 | 0 440
133 99 1082 | 0 453
133 99 653 | 0 370
136 93 2920 | 0 423
133 99 2283 | 0 295
127 95 1454 | 0 305
123 101 2639 | 0 344
132 95 2405 | 0 266
139 98 399 | 0 235
120 93 19 | 0 224
139 100 175 | 109 94
130 95 1228 | 0 439
127 96 1645 | 0 341
121 97 2522 | 0 321
120 83 2402 | 0 306
124 91 1186 | 0 294
137 97 1811 | 0 416
115 98 69 | 0 430
120 83 1397 | 0 298
127 96 839 | 0 319
133 94 1445 | 0 375
120 83 1336 | 0 205
139 98 2529 | 0 487
110 88 1048 | 0 328
139 100 1627 | 0 287
141 88 62 | 0 233
123 85 1 | 0 286
123 101 2065 | 0 306
125 93 1175 | 0 205
139 98 2025 | 0 365
139 100 1601 | 0 252
131 93 922 | 0 361
121 95 1464 | 0 318
141 88 2194 | 0 357
132 95 2655 | 77 81
120 93 2663 | 0 257
117 100 1340 | 0 191
145 98 113 | 0 379
137 97 1467 | 130 95
127 96 1401 | 0 419
139 100 1107 | 0 401
137 97 1787 | 0 333
133 99 2178 | 0 338
123 101 173 | 0 323
138 96 2541 | 0 385
123 100 2924 | 0 410
127 95 878 | 0 328
138 96 1506 | 0 288
139 100 245 | 0 248
121 98 2725 | 0 282
127 95 2672 | 0 350
139 98 945 | 0 511
133 99 1418 | 0 316
139 100 2931 | 0 412
131 101 139 | 0 272
141 88 2856 | 0 207
127 95 388 | 0 344
131 93 1102 | 0 344
145 98 485 | 0 360
131 93 2098 | 0 225
123 85 1 | 0 326
145 98 2219 | 0 371
123 85 461 | 0 233
110 98 261 | 98 94
139 98 2981 | 139 98
145 98 101 | 0 398
132 95 2051 | 0 433
137 97 1479 | 0 318
117 100 2491 | 0 323
139 100 2392 | 0 333
138 96 602 | 0 332
145 98 1270 | 0 300
136 93 574 | 0 315
136 93 2973 | 93 94
120 101 2252 | 0 150
121 95 1446 | 0 418
133 94 241 | 0 350
120 93 2245 | 0 311
138 96 2098 | 0 252
130 95 1394 | 0 212
133 99 2586 | 109 93
131 101 1246 | 0 306
133 99 694 | 0 439
139 100 2535 | 0 495
127 96 1065 | 0 475
117 88 924 | 0 223
127 96 2296 | 0 344
136 93 2188 | 0 308
141 88 2 | 0 406
120 93 1707 | 0 439
113 98 1608 | 0 293
141 88 904 | 0 362
139 98 881 | 0 140
127 95 2077 | 0 532
145 98 1433 | 0 396
145 98 1193 | 0 305
139 98 2386 | 0 450
133 94 1005 | 0 360
127 96 331 | 0 412
145 98 1583 | 0 423
136 93 2300 | 0 169
136 93 1407 | 0 228
141 88 1692 | 0 501
127 95 1487 | 0 396
138 96 248 | 0 239
127 95 578 | 0 248
139 100 2966 | 0 278
136 93 1592 | 0 453
131 93 1160 | 0 335
121 98 2452 | 0 442
136 93 1480 | 0 243
141 88 166 | 0 206
119 94 2170 | 0 330
141 88 2562 | 0 373
136 93 1219 | 0 429
130 95 88 | 0 298
131 93 1164 | 0 405
139 100 1545 | 0 287
133 99 2630 | 0 342
120 101 2300 | 0 354
145 98 1569 | 0 165
139 98 2982 | 127 96
141 88 2080 | 0 215
127 95 2102 | 0 402
141 88 1605 | 0 433
138 96 136 | 0 461
125 93 1443 | 0 185
125 93 319 | 0 428
139 100 1698 | 0 213
123 100 1009 | 0 285
131 93 217 | 0 465
127 96 2371 | 0 340
121 97 6 | 0 441
118 90 1871 | 0 347
125 93 2325 | 0 212
139 98 2604 | 0 263
125 93 495 | 0 434
131 93 2892 | 0 428
113 98 1820 | 0 420
133 99 2514 | 0 358
123 99 2161 | 85 95
113 90 49 | 0 383
141 88 20 | 0 279
126 91 1007 | 0 293
139 100 2742 | 0 392
141 88 159 | 0 517
136 93 1650 | 0 302
130 95 2608 | 0 318
133 99 892 | 0 351
139 98 226 | 0 422
123 101 2702 | 0 381
139 100 155 | 0 255
133 94 2267 | 0 435
126 91 1589 | 0 392
123 100 1043 | 0 338
141 88 1692 | 0 331
126 91 1479 | 0 425
141 88 2 | 0 250
138 96 1136 | 0 401
125 93 11 | 0 157
123 99 1526 | 0 311
139 100 1661 | 119 91
123 100 1107 | 0 262
133 99 310 | 0 424
85 95 528 | 0 308
139 100 709 | 0 330
130 95 1698 | 0 307
145 98 785 | 0 231
136 93 2983 | 136 93
133 99 708 | 0 187
145 98 119 | 0 226
101 88 2889 | 0 359
145 98 2037 | 0 324
139 98 783 | 97 95
133 94 733 | 0 218
145 98 2311 | 0 463
145 98 2773 | 0 204
138 96 150 | 0 377
123 101 383 | 0 421
127 96 2659 | 0 423
138 96 2989 | 138 96
127 96 623 | 0 346
131 93 2442 | 0 399
125 93 2931 | 0 463
123 85 1 | 0 426
131 93 327 | 0 362
131 93 604 | 109 81
123 99 1661 | 0 441
141 88 1923 | 0 245
141 88 594 | 0 269
123 85 87 | 0 307
141 88 1474 | 0 276
145 98 1641 | 0 424
132 95 883 | 0 365
133 94 1711 | 0 369
125 93 75 | 0 284
127 96 2091 | 0 445
138 96 1680 | 0 215
139 100 2637 | 0 136
125 93 1589 | 0 382
127 95 124 | 0 287
133 99 1232 | 0 523
136 93 2698 | 0 254
137 97 695 | 0 405
126 91 2426 | 0 308
127 96 2706 | 0 394
126 91 573 | 112 92
126 91 837 | 0 304
139 100 35 | 132 95
119 94 100 | 0 214
119 89 2507 | 0 297
115 100 1773 | 0 365
141 88 1138 | 0 349
117 100 544 | 0 343
139 98 899 | 0 332
141 88 1736 | 0 397
139 100 75 | 0 209
139 98 93 | 118 90
132 95 947 | 0 338
116 96 2387 | 0 307
132 95 529 | 0 236
141 88 120 | 0 506
126 91 1549 | 0 463
126 91 2930 | 0 264
127 96 2771 | 0 176
145 98 2829 | 0 243
137 97 995 | 0 390
138 96 2310 | 0 227
120 101 2618 | 0 354
137 97 995 | 0 398
136 93 1808 | 0 375
132 95 55 | 0 312
137 97 1765 | 0 294
123 85 1375 | 0 418
113 98 1708 | 0 340
131 93 2994 | 131 93
131 93 1030 | 110 98
137 97 1339 | 0 373
139 100 1713 | 0 247
139 98 2586 | 52 50
125 93 2417 | 0 313
119 76 326 | 0 393
141 88 1208 | 0 275
120 93 1793 | 0 439
132 95 1247 | 0 296
139 100 1123 | 0 290
118 90 273 | 0 276
136 93 1750 | 0 306
113 91 1625 | 0 226
137 97 205 | 0 362
120 93 2326 | 0 348
141 88 2750 | 0 279
139 98 951 | 0 297
132 95 11 | 0 414
141 88 1200 | 0 288
127 96 1335 | 0 437
141 88 2480 | 0 282
120 101 1386 | 0 419
136 93 38 | 0 360
138 96 2772 | 0 369
126 91 1279 | 97 95
141 88 2578 | 0 193
133 94 2513 | 0 165
121 95 2327 | 0 408
130 95 1248 | 0 333
116 96 1399 | 0 405
141 88 2486 | 0 536
127 95 2180 | 0 420
123 85 1837 | 0 227
130 95 2989 | 130 95
145 98 2885 | 0 179
119 89 317 | 0 211
138 96 2398 | 0 245
127 95 1488 | 0 329
137 97 1899 | 0 442
141 88 2820 | 0 339
141 88 58 | 0 356
125 89 2238 | 0 242
123 85 1 | 0 191
125 89 2026 | 0 249
141 88 172 | 0 183
141 88 700 | 0 516
141 88 1318 | 0 321
123 99 1697 | 0 296
133 99 1744 | 0 162
137 97 1872 | 0 240
145 98 999 | 0 442
138 96 1144 | 0 440
145 98 2493 | 0 403
127 96 211 | 0 419
141 88 916 | 0 329
125 89 88 | 77 73
141 88 4 | 116 96
138 96 2744 | 0 286
120 93 2347 | 0 286
141 88 360 | 105 98
139 100 2497 | 0 307
145 98 421 | 0 354
119 89 881 | 0 201
136 93 1094 | 0 247
130 95 242 | 0 398
99 98 1671 | 0 281
130 95 2323 | 0 230
127 95 2 | 0 208
145 98 1095 | 0 227
137 97 2903 | 0 350
123 99 134 | 0 466
141 88 1262 | 98 93
141 88 1840 | 0 311
124 91 2106 | 0 231
139 98 2923 | 123 85
145 98 331 | 0 336
137 97 2791 | 0 264
139 100 2127 | 0 281
133 99 2396 | 0 296
139 98 893 | 0 183
141 88 2886 | 0 272
138 96 1210 | 0 360
133 94 1935 | 0 315
133 99 748 | 0 271
131 101 1359 | 0 449
141 88 1912 | 0 178
117 100 2634 | 0 366
131 101 1349 | 0 258
132 95 427 | 91 91
121 95 10 | 0 283
131 101 395 | 0 341
137 97 1143 | 124 91
124 91 2967 | 0 447
137 97 2675 | 0 283
132 95 2015 | 0 166
124 91 1644 | 0 450
123 100 2465 | 0 275
145 98 2934 | 0 378
136 93 1354 | 0 240
137 97 2137 | 0 462
123 101 2889 | 0 392
130 95 2306 | 0 507
139 100 2831 | 0 303
121 98 25 | 0 200
112 92 2003 | 0 376
120 101 1346 | 0 202
120 83 1550 | 0 319
125 93 1392 | 0 218
136 93 2376 | 0 267
125 89 1130 | 0 275
125 93 1669 | 0 335
136 93 1814 | 0 344
125 93 1073 | 0 252
138 96 1756 | 0 300
108 88 2572 | 0 299
127 95 610 | 0 132
138 96 538 | 0 269
133 94 2087 | 0 296
119 94 2282 | 0 381
141 88 90 | 0 128
127 96 2631 | 0 365
132 95 2597 | 0 321
137 97 1831 | 0 368
125 93 1431 | 0 234
123 100 407 | 0 442
132 95 1359 | 111 97
125 93 1823 | 0 300
130 95 2793 | 0 296
126 91 1977 | 0 361
125 89 2 | 0 394
115 98 53 | 98 94
125 89 1804 | 0 251
139 98 2864 | 0 366
138 96 1280 | 0 271
127 96 25 | 0 512
125 89 2184 | 0 394
127 95 2058 | 0 368
123 85 827 | 0 292
139 100 2229 | 0 488
141 88 1342 | 0 415
137 97 2290 | 0 214
133 94 615 | 0 327
123 101 719 | 0 611
131 101 445 | 0 439
133 94 261 | 0 385
131 93 76 | 124 91
133 99 2443 | 0 356
132 95 1335 | 0 478
141 88 794 | 0 516
139 100 598 | 0 322
141 88 270 | 0 409
138 96 2441 | 0 281
133 94 911 | 0 302
130 95 2014 | 0 385
139 100 1351 | 0 353
123 101 1755 | 0 376
131 101 2804 | 0 440
127 96 2906 | 91 101
145 98 2581 | 0 307
127 95 822 | 115 100
137 97 2807 | 0 437
141 88 316 | 0 435
145 98 377 | 0 471
127 96 439 | 0 333
138 96 2224 | 0 397
139 100 1852 | 0 265
118 90 811 | 0 434
125 89 178 | 0 307
133 99 2740 | 0 357
119 94 1183 | 0 309
121 98 1955 | 0 260
138 96 2068 | 0 411
141 88 1666 | 0 263
117 100 1866 | 0 256
139 98 3 | 0 347
141 88 1790 | 0 352
130 95 1974 | 0 492
133 94 567 | 0 161
117 100 1754 | 0 342
133 99 1770 | 0 234
131 93 1202 | 0 413
145 98 103 | 0 300
139 100 589 | 0 480
137 97 735 | 0 332
139 98 1807 | 0 287
131 101 1009 | 0 346
136 93 228 | 0 349
133 99 720 | 0 134
117 88 2168 | 0 400
141 88 1136 | 0 321
139 100 907 | 0 239
126 91 2591 | 0 330
132 95 1143 | 0 359
145 98 2685 | 0 487
110 88 822 | 0 297
145 98 395 | 0 401
120 101 1850 | 0 225
119 76 1776 | 0 311
136 93 1788 | 0 227
139 98 2622 | 0 235
126 91 1949 | 0 408
131 93 1688 | 0 392
137 97 159 | 0 384
130 95 1364 | 0 255
131 101 2521 | 0 459
130 95 1876 | 0 278
126 91 2788 | 0 548
139 100 171 | 0 245
141 88 2316 | 0 319
118 90 1655 | 0 395
123 85 1087 | 0 219
127 96 1801 | 0 253
132 95 2815 | 0 463
141 88 1304 | 0 439
137 97 1891 | 0 222
138 96 1467 | 0 345
145 98 2778 | 0 257
139 100 2777 | 0 347
125 93 2517 | 0 406
136 93 1400 | 0 439
131 101 497 | 0 449
141 88 2884 | 0 361
125 93 2695 | 0 311
136 93 1703 | 0 261
125 93 2319 | 0 373
131 101 2467 | 0 335
137 97 1269 | 0 231
125 93 1700 | 0 323
118 72 2466 | 102 91
139 100 1601 | 0 300
139 100 1887 | 0 305
139 100 1912 | 0 308
117 100 482 | 84 88
136 93 314 | 0 382
131 101 1157 | 111 97
145 98 17 | 123 101
139 100 1557 | 0 514
137 97 2567 | 0 271
125 93 2569 | 0 401
109 93 1194 | 0 237
145 98 1687 | 0 564
133 94 825 | 0 190
126 91 2043 | 0 369
141 88 274 | 130 95
131 101 693 | 0 297
141 88 1848 | 0 371
137 97 7 | 0 393
131 93 1556 | 0 414
125 93 2381 | 0 357
137 97 353 | 0 371
138 96 382 | 0 350
119 89 1853 | 0 377
127 96 1940 | 0 513
138 96 1670 | 0 333
132 95 355 | 0 378
145 98 2143 | 0 348
127 95 922 | 0 335
138 96 2913 | 0 243
141 88 874 | 0 384
132 95 2229 | 97 92
137 97 849 | 0 313
145 98 931 | 0 371
141 88 2522 | 0 364
138 96 884 | 95 89
118 90 343 | 0 334
136 93 138 | 0 333
145 98 2275 | 0 148
137 97 29 | 0 337
132 95 1363 | 0 155
137 97 103 | 0 424
145 98 2563 | 0 199
139 98 569 | 0 297
133 99 1890 | 0 318
139 100 301 | 0 281
136 93 1873 | 0 404
123 99 983 | 0 332
141 88 2348 | 0 238
133 94 1608 | 0 354
133 99 1262 | 0 240
125 93 1554 | 0 205
136 93 896 | 0 336
139 100 2961 | 0 299
124 91 1312 | 0 285
127 95 464 | 0 511
131 101 1501 | 0 401
117 101 899 | 0 396
132 95 613 | 0 265
119 94 1402 | 0 250
141 88 1772 | 0 436
127 96 2995 | 127 96
145 98 749 | 0 328
131 93 264 | 0 230
139 98 2277 | 0 307
130 95 2210 | 0 383
139 100 2681 | 0 352
145 98 75 | 0 366
138 96 1118 | 0 358
141 88 238 | 107 100
136 93 2312 | 0 169
145 98 2293 | 0 333
126 91 2383 | 0 160
123 99 1325 | 0 352
121 98 2853 | 0 464
123 100 1325 | 0 335
131 93 1738 | 0 311
130 95 1096 | 0 391
139 98 1301 | 0 425
136 93 1937 | 0 469
131 93 2 | 0 398
141 88 506 | 0 507
139 100 1495 | 0 334
127 95 2972 | 0 332
121 95 358 | 0 385
139 100 1585 | 0 339
120 101 418 | 0 301
137 97 2615 | 100 87
124 91 986 | 0 240
125 93 1023 | 0 409