117 100 580 | 103 95
109 99 229 | 87 93
117 100 485 | 91 91
117 100 1096 | 90 92
117 100 92 | 80 91
117 100 699 | 99 97
117 100 928 | 89 98
117 100 30 | 83 90
109 99 280 | 79 85
117 100 36 | 105 96
117 100 1044 | 106 100
117 100 338 | 117 100
117 100 136 | 117 100
117 100 494 | 89 98
117 100 1048 | 99 97
117 100 34 | 103 95
117 100 100 | 106 100
117 100 224 | 73 88
117 100 1631 | 109 99
109 99 590 | 105 96
117 100 1085 | 97 95
117 100 1002 | 78 98
117 100 250 | 91 91
117 100 984 | 91 91
117 100 446 | 92 95
117 100 100 | 105 96
117 100 865 | 105 96
117 100 24 | 92 95
117 100 128 | 91 91
117 100 969 | 103 95
117 100 2 | 98 93
117 100 246 | 105 96
117 100 335 | 105 96
117 100 1372 | 105 96
109 99 1620 | 76 69
117 100 96 | 117 100
117 100 511 | 98 93
117 100 62 | 106 100
117 100 522 | 85 95
117 100 434 | 83 90
117 100 1329 | 117 100
117 100 483 | 98 93
109 99 1105 | 91 91
117 100 1109 | 92 95
117 100 786 | 98 93
117 100 1681 | 117 100
117 100 1373 | 83 90
117 100 716 | 77 86
117 100 889 | 92 95
117 100 438 | 97 95
117 100 827 | 117 100
117 100 1425 | 103 95
117 100 1244 | 85 95
117 100 1128 | 97 95
117 100 328 | 97 95
117 100 155 | 98 93
117 100 1584 | 91 91
117 100 1359 | 98 93
117 100 949 | 117 100
117 100 243 | 105 96
117 100 932 | 83 90
117 100 198 | 80 91
109 99 826 | 90 92
117 100 226 | 83 90
117 100 513 | 91 91
117 100 430 | 98 93
117 100 328 | 87 93
109 99 372 | 77 86
117 100 70 | 89 98
117 100 732 | 105 96
117 100 1228 | 85 100
117 100 414 | 117 100
117 100 302 | 117 100
117 100 12 | 117 100
117 100 1665 | 117 100
117 100 594 | 105 96
117 100 282 | 109 99
117 100 822 | 117 100
117 100 1268 | 105 96
117 100 72 | 97 95
117 100 558 | 105 96
117 100 121 | 98 93
117 100 918 | 90 92
117 100 88 | 90 92
105 96 1564 | 77 81
117 100 1205 | 117 100
117 100 1265 | 103 95
117 100 839 | 80 91
117 100 830 | 83 90
117 100 637 | 106 100
117 100 1613 | 117 100
106 100 295 | 92 95
117 100 70 | 117 100
117 100 1388 | 109 99
117 100 1812 | 117 100
117 100 1370 | 109 99
106 100 283 | 91 91
117 100 806 | 85 100
117 100 304 | 89 98
117 100 1207 | 99 97
117 100 42 | 117 100
117 100 380 | 117 100
117 100 990 | 117 100
117 100 810 | 109 99
117 100 1481 | 105 96
117 100 1147 | 91 91
117 100 1213 | 105 96
117 100 76 | 89 98
117 100 156 | 79 85
117 100 446 | 89 98
106 100 1147 | 90 92
117 100 735 | 117 100
109 99 487 | 91 91
117 100 916 | 109 99
117 100 397 | 78 98
117 100 1557 | 117 100
117 100 1311 | 105 96
109 99 1517 | 77 81
117 100 1366 | 89 98
117 100 1438 | 89 98
117 100 1295 | 103 95
117 100 1023 | 117 100
117 100 789 | 105 96
117 100 1474 | 105 96
109 99 1044 | 106 100
117 100 736 | 85 95
117 100 1387 | 103 95
117 100 438 | 89 98
117 100 426 | 98 93
117 100 1305 | 105 96
117 100 70 | 117 100
117 100 874 | 87 93
105 96 845 | 105 96
117 100 851 | 106 100
117 100 1421 | 109 99
117 100 1476 | 117 100
117 100 866 | 89 98
117 100 949 | 92 95
117 100 80 | 99 97
109 99 1011 | 106 100
117 100 616 | 92 95
106 100 1546 | 80 91
117 100 110 | 109 99
117 100 866 | 98 93
117 100 190 | 106 100
109 99 1578 | 91 91
117 100 1637 | 117 100
117 100 1315 | 78 98
106 100 775 | 98 93
117 100 582 | 92 95
117 100 360 | 92 95
117 100 438 | 98 93
117 100 81 | 87 93
117 100 752 | 117 100
117 100 750 | 105 96
117 100 259 | 90 92
117 100 90 | 106 100
117 100 198 | 117 100
117 100 2 | 78 98
117 100 492 | 103 95
117 100 1222 | 105 96
117 100 1243 | 91 91
117 100 224 | 87 93
117 100 781 | 97 95
117 100 340 | 92 95
117 100 84 | 92 95
117 100 6 | 105 96
117 100 1368 | 90 92
106 100 906 | 98 93
117 100 1255 | 105 96
117 100 62 | 77 86
109 99 376 | 85 100
117 100 1417 | 85 100
117 100 1474 | 117 100
117 100 358 | 105 96
117 100 1579 | 117 100
117 100 306 | 99 97
117 100 40 | 117 100
117 100 438 | 91 91
117 100 558 | 98 93
109 99 1013 | 98 93
106 100 683 | 103 95
117 100 421 | 89 98
117 100 1664 | 117 100
117 100 841 | 106 100
117 100 306 | 90 92
117 100 540 | 85 95
117 100 54 | 98 93
117 100 6 | 85 95
117 100 1287 | 89 98
117 100 10 | 89 98
117 100 841 | 78 98
117 100 600 | 99 97
117 100 1680 | 117 100
117 100 676 | 105 96
117 100 1787 | 117 100
117 100 476 | 80 91
109 99 1441 | 77 81
117 100 76 | 91 91
117 100 390 | 91 91
117 100 14 | 89 98
117 100 468 | 117 100
117 100 1727 | 117 100
106 100 741 | 97 95
117 100 843 | 117 100
109 99 444 | 91 91
117 100 20 | 103 95
117 100 498 | 117 100
117 100 1119 | 103 95
117 100 694 | 85 95
117 100 355 | 98 93
117 100 941 | 105 96
109 99 494 | 90 92
117 100 338 | 89 98
117 100 540 | 117 100
117 100 794 | 105 96
117 100 620 | 109 99
117 100 200 | 105 96
117 100 620 | 117 100
117 100 1610 | 117 100
117 100 541 | 89 98
117 100 516 | 91 91
117 100 1517 | 103 95
117 100 1558 | 103 95
117 100 845 | 98 93
117 100 232 | 103 95
117 100 1024 | 97 95
117 100 621 | 89 98
117 100 547 | 97 95
109 99 526 | 91 91
117 100 972 | 91 91
117 100 1001 | 117 100
117 100 4 | 98 93
117 100 770 | 105 96
117 100 1287 | 91 91
117 100 270 | 84 88
117 100 1387 | 103 95
117 100 792 | 117 100
117 100 666 | 98 93
117 100 635 | 91 91
117 100 308 | 92 95
117 100 387 | 106 100
109 99 358 | 106 100
109 99 292 | 89 98
117 100 513 | 117 100
117 100 1322 | 83 90
117 100 609 | 109 99
117 100 1136 | 98 93
117 100 931 | 98 93
117 100 4 | 91 91
117 100 292 | 97 95
117 100 501 | 105 96
106 100 1134 | 87 93
117 100 396 | 117 100
117 100 612 | 105 96
117 100 913 | 91 91
117 100 176 | 98 93
117 100 12 | 105 96
117 100 440 | 85 95
109 99 1079 | 105 96
109 99 892 | 99 97
109 99 62 | 97 95
117 100 192 | 89 98
117 100 1351 | 89 98
117 100 639 | 117 100
106 100 327 | 84 88
117 100 1068 | 117 100
117 100 1537 | 117 100
117 100 164 | 98 93
109 99 1011 | 91 91
117 100 1506 | 92 95
117 100 122 | 117 100
117 100 1375 | 91 91
109 99 8 | 78 98
117 100 1235 | 105 96
117 100 464 | 109 99
117 100 600 | 98 93
117 100 366 | 83 90
117 100 1616 | 106 100
117 100 170 | 117 100
117 100 2 | 117 100
117 100 681 | 89 98
117 100 342 | 89 98
117 100 258 | 92 95
117 100 1586 | 117 100
117 100 214 | 117 100
117 100 182 | 91 91
117 100 456 | 109 99
117 100 1069 | 85 95
117 100 501 | 85 100
117 100 1587 | 109 99
117 100 56 | 79 85
109 99 466 | 97 95
117 100 318 | 89 98
117 100 858 | 77 81
117 100 410 | 99 97
109 99 354 | 106 100
109 99 837 | 105 96
117 100 410 | 105 96
117 100 1529 | 103 95
117 100 354 | 91 91
117 100 2 | 117 100
117 100 920 | 78 98
117 100 130 | 77 81
117 100 90 | 97 95
117 100 245 | 85 95
117 100 1485 | 99 97
117 100 589 | 79 85
117 100 566 | 84 88
117 100 1391 | 77 86
109 99 614 | 83 90
117 100 485 | 91 91
117 100 156 | 97 95
117 100 258 | 80 91
117 100 726 | 105 96
117 100 838 | 98 93
117 100 40 | 105 96
117 100 1138 | 109 99
117 100 731 | 117 100
117 100 522 | 73 88
117 100 1315 | 98 93
117 100 582 | 97 95
117 100 524 | 98 93
117 100 2 | 99 97
117 100 120 | 84 88
117 100 16 | 109 99
117 100 468 | 78 98
117 100 1434 | 99 97
117 100 179 | 117 100
117 100 106 | 98 93
117 100 176 | 98 93
117 100 259 | 89 98
117 100 268 | 98 93
117 100 409 | 98 93
117 100 348 | 73 88
117 100 446 | 105 96
117 100 50 | 98 93
117 100 1416 | 99 97
117 100 796 | 85 100
117 100 592 | 77 81
117 100 514 | 91 91
117 100 1610 | 117 100
117 100 364 | 117 100
117 100 2 | 77 81
117 100 332 | 117 100
117 100 971 | 103 95
117 100 301 | 91 91
109 99 602 | 87 93
117 100 420 | 98 93
117 100 461 | 109 99
117 100 1000 | 105 96
109 99 1081 | 79 85
106 100 1167 | 78 98
117 100 616 | 109 99
117 100 688 | 91 91
117 100 1539 | 117 100
117 100 4 | 117 100
117 100 558 | 90 92
117 100 1339 | 98 93
117 100 250 | 97 95
117 100 1238 | 117 100
117 100 663 | 103 95
109 99 518 | 90 92
109 99 440 | 97 95
117 100 1435 | 117 100
117 100 719 | 83 90
117 100 346 | 91 91
117 100 629 | 117 100
117 100 1348 | 103 95
117 100 152 | 99 97
117 100 1113 | 109 99
117 100 438 | 87 93
117 100 438 | 117 100
117 100 390 | 99 97
117 100 995 | 80 91
117 100 189 | 117 100
117 100 180 | 89 98
109 99 350 | 99 97
117 100 1627 | 117 100
109 99 437 | 91 91
117 100 722 | 105 96
117 100 176 | 105 96
117 100 494 | 97 95
117 100 968 | 79 85
117 100 794 | 117 100
117 100 356 | 105 96
117 100 586 | 117 100
117 100 372 | 103 95
117 100 898 | 78 98
117 100 262 | 117 100
117 100 668 | 105 96
117 100 172 | 109 99
117 100 1009 | 117 100
117 100 36 | 76 69
117 100 1163 | 91 91
117 100 1453 | 117 100
117 100 92 | 97 95
117 100 198 | 105 96
117 100 450 | 105 96
117 100 38 | 87 93
117 100 96 | 92 95
117 100 1071 | 89 98
117 100 1282 | 103 95
117 100 677 | 117 100
117 100 481 | 84 88
117 100 590 | 89 98
117 100 1506 | 89 98
117 100 1524 | 106 100
109 99 340 | 92 95
117 100 8 | 97 95
117 100 1020 | 106 100
117 100 230 | 91 91
109 99 187 | 109 99
117 100 46 | 99 97
117 100 1133 | 89 98
117 100 424 | 109 99
117 100 1123 | 89 98
106 100 5 | 105 96
117 100 78 | 109 99
117 100 60 | 117 100
117 100 410 | 109 99
117 100 534 | 106 100
117 100 1248 | 92 95
117 100 462 | 117 100
106 100 1469 | 106 100
117 100 730 | 117 100
117 100 898 | 89 98
117 100 264 | 109 99
117 100 780 | 91 91
117 100 474 | 117 100
109 99 152 | 87 93
117 100 52 | 91 91
117 100 557 | 99 97
117 100 30 | 79 85
117 100 340 | 109 99
117 100 600 | 91 91
117 100 1701 | 103 95
117 100 662 | 117 100
117 100 851 | 117 100
117 100 46 | 117 100
117 100 284 | 91 91
99 97 1 | 98 93
117 100 444 | 85 95
117 100 132 | 87 93
117 100 8 | 98 93
117 100 501 | 105 96
117 100 278 | 85 100
117 100 234 | 106 100
117 100 146 | 109 99
117 100 694 | 84 88
117 100 511 | 77 81
109 99 258 | 106 100
117 100 1055 | 87 93
117 100 134 | 106 100
117 100 186 | 98 93
117 100 136 | 91 91
117 100 1116 | 90 92
109 99 288 | 98 93
117 100 746 | 99 97
117 100 1085 | 85 100
117 100 424 | 105 96
117 100 1573 | 109 99
117 100 981 | 91 91
106 100 3 | 85 100
117 100 1538 | 117 100
117 100 152 | 97 95
117 100 416 | 98 93
117 100 6 | 85 95
117 100 1348 | 97 95
117 100 1086 | 98 93
117 100 564 | 117 100
117 100 875 | 80 91
117 100 906 | 109 99
117 100 981 | 77 86
117 100 879 | 109 99
117 100 1762 | 117 100
117 100 212 | 105 96
117 100 870 | 117 100
117 100 2 | 87 93
117 100 396 | 117 100
117 100 766 | 106 100
117 100 422 | 117 100
117 100 730 | 85 100
117 100 542 | 85 100
117 100 641 | 79 85
117 100 20 | 117 100
106 100 1068 | 105 96
117 100 574 | 97 95
117 100 966 | 79 85
117 100 18 | 80 91
117 100 1324 | 106 100
117 100 150 | 117 100
117 100 491 | 91 91
117 100 18 | 98 93
109 99 673 | 84 88
117 100 1093 | 99 97
117 100 430 | 85 100
117 100 402 | 97 95
117 100 90 | 85 100
117 100 1064 | 92 95
109 99 912 | 105 96
117 100 548 | 78 98
117 100 314 | 117 100
117 100 1632 | 117 100
117 100 14 | 90 92
117 100 1069 | 89 98
117 100 1277 | 98 93
117 100 869 | 98 93
117 100 607 | 77 86
117 100 774 | 98 93
117 100 477 | 73 88
117 100 154 | 79 85
117 100 1254 | 105 96
109 99 254 | 105 96
117 100 410 | 106 100
117 100 8 | 117 100
117 100 575 | 105 96
117 100 288 | 85 100
117 100 188 | 109 99
117 100 395 | 117 100
117 100 2 | 77 81
117 100 312 | 84 88
117 100 818 | 87 93
117 100 1410 | 89 98
117 100 208 | 90 92
117 100 825 | 105 96
109 99 358 | 90 92
117 100 738 | 97 95
117 100 1113 | 79 85
117 100 1150 | 98 93
117 100 1505 | 89 98
117 100 654 | 97 95
117 100 946 | 85 95
109 99 688 | 99 97
109 99 142 | 106 100
117 100 1026 | 83 90
117 100 650 | 117 100
117 100 535 | 117 100
117 100 482 | 117 100
117 100 605 | 92 95
105 96 365 | 90 92
117 100 1149 | 89 98
117 100 113 | 105 96
109 99 60 | 98 93
117 100 558 | 98 93
117 100 1365 | 109 99
117 100 511 | 91 91
117 100 775 | 99 97
109 99 756 | 103 95
117 100 766 | 84 88
109 99 260 | 89 98
109 99 138 | 105 96
117 100 98 | 85 100
117 100 1486 | 117 100
117 100 623 | 117 100
117 100 648 | 98 93
117 100 1038 | 99 97
106 100 181 | 99 97
117 100 981 | 117 100
117 100 677 | 106 100
117 100 487 | 109 99
117 100 800 | 91 91
117 100 142 | 89 98
117 100 12 | 92 95
109 99 997 | 97 95
109 99 1319 | 83 90
117 100 1251 | 106 100
117 100 1220 | 105 96
109 99 732 | 90 92
117 100 705 | 91 91
117 100 693 | 117 100
117 100 219 | 99 97
117 100 1017 | 98 93
105 96 805 | 89 98
117 100 944 | 117 100
117 100 707 | 106 100
117 100 36 | 98 93
117 100 1066 | 103 95
117 100 980 | 117 100
117 100 432 | 89 98
117 100 278 | 78 98
117 100 28 | 117 100
117 100 547 | 90 92
117 100 272 | 98 93
117 100 884 | 109 99
109 99 477 | 98 93
117 100 1006 | 91 91
117 100 1560 | 117 100
109 99 270 | 78 98
106 100 1636 | 106 100
117 100 1243 | 106 100
109 99 384 | 105 96
117 100 1103 | 92 95
117 100 388 | 105 96
109 99 1011 | 85 100
117 100 798 | 117 100
117 100 64 | 87 93
109 99 1142 | 105 96
117 100 366 | 105 96
117 100 86 | 117 100
117 100 383 | 89 98
117 100 1203 | 85 100
117 100 250 | 99 97
117 100 414 | 85 100
109 99 935 | 99 97
117 100 1297 | 87 93
106 100 187 | 105 96
117 100 1037 | 117 100
117 100 396 | 105 96
117 100 607 | 84 88
109 99 437 | 105 96
105 96 326 | 97 95
117 100 1621 | 117 100
109 99 310 | 90 92
109 99 680 | 106 100
117 100 405 | 89 98
109 99 306 | 106 100
106 100 301 | 105 96
117 100 1370 | 99 97
117 100 130 | 89 98
106 100 668 | 97 95
117 100 442 | 117 100
117 100 984 | 77 86
117 100 52 | 89 98
117 100 1175 | 105 96
117 100 276 | 117 100
109 99 42 | 105 96
109 99 817 | 84 88
117 100 1769 | 117 100
117 100 1223 | 105 96
109 99 964 | 98 93
117 100 139 | 109 99
117 100 20 | 99 97
117 100 919 | 98 93
117 100 1766 | 117 100
117 100 818 | 109 99
109 99 1198 | 91 91
117 100 837 | 91 91
117 100 206 | 77 81
117 100 1378 | 89 98
117 100 1333 | 117 100
117 100 982 | 99 97
117 100 1216 | 89 98
117 100 762 | 117 100
117 100 444 | 90 92
117 100 1422 | 117 100
109 99 715 | 106 100
109 99 609 | 77 86
117 100 10 | 98 93
109 99 729 | 77 81
117 100 750 | 80 91
117 100 377 | 117 100
106 100 1 | 98 93
117 100 268 | 85 100
117 100 1087 | 117 100
117 100 362 | 85 100
109 99 372 | 98 93
117 100 1023 | 99 97
117 100 1439 | 109 99
117 100 1532 | 117 100
117 100 38 | 85 100
117 100 580 | 90 92
117 100 686 | 105 96
117 100 698 | 117 100
109 99 2 | 77 81
117 100 1128 | 117 100
109 99 1438 | 97 95
117 100 199 | 91 91
117 100 102 | 92 95
117 100 770 | 98 93
117 100 1382 | 73 88
109 99 58 | 91 91
117 100 1772 | 117 100
117 100 667 | 117 100
117 100 1363 | 105 96
117 100 710 | 105 96
105 96 1481 | 105 96
117 100 819 | 105 96
117 100 1502 | 103 95
117 100 815 | 105 96
117 100 166 | 109 99
117 100 841 | 106 100
117 100 639 | 98 93
117 100 1394 | 117 100
106 100 377 | 78 98
117 100 112 | 84 88
117 100 1248 | 85 95
117 100 530 | 98 93
109 99 667 | 90 92
109 99 361 | 79 85
117 100 56 | 83 90
117 100 64 | 99 97
117 100 168 | 80 91
117 100 212 | 109 99
105 96 1521 | 77 81
117 100 779 | 79 85
117 100 1611 | 117 100
109 99 38 | 105 96
117 100 935 | 109 99
117 100 260 | 106 100
117 100 1042 | 109 99
117 100 442 | 117 100
109 99 60 | 85 95
117 100 1778 | 117 100
117 100 748 | 98 93
117 100 215 | 78 98
109 99 420 | 89 98
117 100 602 | 90 92
117 100 1531 | 91 91
117 100 425 | 97 95
117 100 172 | 77 86
117 100 541 | 105 96
109 99 968 | 89 98
117 100 342 | 83 90
117 100 354 | 106 100
117 100 1360 | 85 100
117 100 50 | 85 95
117 100 657 | 105 96
117 100 888 | 92 95
117 100 180 | 117 100
117 100 354 | 92 95
109 99 986 | 91 91
117 100 378 | 80 91
106 100 1521 | 91 91
117 100 32 | 77 86
117 100 1571 | 117 100
117 100 228 | 77 81
109 99 330 | 79 85
117 100 370 | 103 95
117 100 1622 | 117 100
109 99 1103 | 106 100
117 100 92 | 89 98
117 100 1137 | 85 95
117 100 404 | 91 91
117 100 535 | 76 69
117 100 1282 | 89 98
117 100 971 | 117 100
117 100 1039 | 77 86
117 100 140 | 89 98
117 100 620 | 117 100
117 100 658 | 77 86
117 100 443 | 97 95
117 100 300 | 83 90
117 100 122 | 85 95
109 99 1073 | 98 93
109 99 269 | 87 93
117 100 372 | 90 92
117 100 494 | 106 100
117 100 138 | 89 98
117 100 232 | 97 95
117 100 1442 | 117 100
117 100 168 | 105 96
109 99 599 | 91 91
117 100 346 | 117 100
117 100 1504 | 97 95
117 100 1223 | 98 93
117 100 311 | 117 100
117 100 1401 | 83 90
117 100 276 | 92 95
117 100 1098 | 97 95
106 100 5 | 91 91
117 100 231 | 98 93
117 100 714 | 87 93
117 100 1654 | 109 99
109 99 228 | 98 93
117 100 389 | 117 100
117 100 317 | 117 100
117 100 595 | 92 95
117 100 390 | 105 96
117 100 582 | 80 91
117 100 943 | 117 100
117 100 1424 | 99 97
117 100 188 | 80 91
117 100 1512 | 117 100
117 100 624 | 117 100
117 100 914 | 97 95
109 99 518 | 78 98
117 100 1571 | 97 95
117 100 238 | 78 98
117 100 633 | 105 96
117 100 650 | 109 99
117 100 792 | 117 100
117 100 1679 | 117 100
117 100 954 | 99 97
117 100 1406 | 106 100
117 100 330 | 117 100
117 100 1353 | 117 100
117 100 1215 | 117 100
117 100 44 | 117 100
109 99 1430 | 91 91
109 99 326 | 85 95
109 99 453 | 105 96
117 100 842 | 117 100
106 100 1132 | 91 91
117 100 104 | 99 97
117 100 1405 | 105 96
117 100 1247 | 79 85
117 100 212 | 89 98
117 100 504 | 97 95
117 100 741 | 109 99
117 100 997 | 105 96
109 99 1052 | 83 90
117 100 606 | 91 91
117 100 270 | 117 100
117 100 955 | 117 100
117 100 631 | 97 95
109 99 212 | 84 88
106 100 277 | 83 90
117 100 1019 | 78 98
109 99 6 | 78 98
106 100 597 | 89 98
117 100 1123 | 91 91
109 99 828 | 90 92
117 100 1441 | 117 100
117 100 244 | 98 93
105 96 1243 | 98 93
117 100 302 | 97 95
109 99 536 | 98 93
117 100 309 | 84 88
109 99 862 | 106 100
117 100 282 | 91 91
117 100 515 | 90 92
117 100 1516 | 105 96
117 100 62 | 105 96
117 100 695 | 106 100
117 100 705 | 106 100
117 100 68 | 117 100
117 100 740 | 117 100
109 99 2 | 97 95
117 100 218 | 92 95
117 100 1209 | 76 69
109 99 1069 | 106 100
117 100 1284 | 109 99
117 100 1125 | 99 97
117 100 172 | 85 95
117 100 324 | 97 95
117 100 613 | 90 92
117 100 689 | 117 100
117 100 1565 | 98 93
117 100 245 | 109 99
117 100 947 | 105 96
117 100 364 | 79 85
117 100 242 | 90 92
117 100 594 | 78 98
117 100 1009 | 98 93
117 100 1322 | 85 100
117 100 1240 | 92 95
109 99 162 | 84 88
117 100 556 | 85 95
117 100 76 | 92 95
117 100 1173 | 117 100
117 100 153 | 87 93
103 95 40 | 85 100
117 100 161 | 117 100
117 100 1441 | 99 97
109 99 743 | 91 91
117 100 1560 | 91 91
117 100 1288 | 109 99
109 99 224 | 84 88
117 100 1210 | 87 93
117 100 146 | 109 99
117 100 1073 | 85 95
117 100 1426 | 92 95
109 99 118 | 92 95
117 100 416 | 109 99
117 100 507 | 91 91
117 100 1452 | 99 97
117 100 132 | 98 93
117 100 240 | 117 100
117 100 52 | 117 100
106 100 1620 | 106 100
117 100 641 | 105 96
117 100 1099 | 78 98
109 99 770 | 105 96
117 100 1650 | 109 99
117 100 302 | 117 100
117 100 1532 | 99 97
117 100 138 | 117 100
117 100 404 | 117 100
117 100 304 | 91 91
109 99 354 | 105 96
117 100 411 | 105 96
117 100 216 | 89 98
117 100 926 | 105 96
117 100 773 | 91 91
117 100 174 | 106 100
117 100 228 | 90 92
117 100 22 | 109 99
117 100 789 | 103 95
117 100 468 | 98 93
109 99 481 | 103 95
117 100 1199 | 91 91
117 100 1408 | 87 93
109 99 120 | 83 90
117 100 1123 | 103 95
117 100 453 | 105 96
117 100 1846 | 109 99
117 100 912 | 97 95
106 100 718 | 89 98
117 100 438 | 92 95
117 100 546 | 109 99
117 100 34 | 106 100
117 100 1527 | 103 95
117 100 811 | 77 81
117 100 1536 | 117 100
117 100 48 | 109 99
117 100 739 | 92 95
117 100 1594 | 117 100
117 100 1337 | 97 95
117 100 1066 | 109 99
117 100 270 | 117 100
117 100 68 | 77 81
117 100 1232 | 77 81
117 100 537 | 105 96
117 100 1314 | 117 100
117 100 1488 | 103 95
117 100 1553 | 109 99
117 100 22 | 79 85
117 100 617 | 117 100
117 100 1236 | 117 100
117 100 750 | 97 95
117 100 290 | 98 93
117 100 1601 | 109 99
117 100 431 | 89 98
117 100 429 | 98 93
117 100 1254 | 106 100
117 100 478 | 106 100
109 99 582 | 85 100
117 100 904 | 97 95
117 100 26 | 98 93
117 100 22 | 97 95
117 100 874 | 90 92
117 100 278 | 117 100
117 100 230 | 117 100
117 100 105 | 92 95
117 100 673 | 92 95
117 100 42 | 77 81
117 100 496 | 103 95
117 100 1517 | 91 91
117 100 1293 | 117 100
117 100 552 | 106 100
109 99 473 | 89 98
109 99 1158 | 99 97
117 100 25 | 105 96
117 100 712 | 105 96
117 100 1405 | 89 98
117 100 1624 | 117 100
117 100 674 | 89 98
117 100 242 | 117 100
117 100 427 | 79 85
117 100 1388 | 85 95
117 100 1614 | 117 100
117 100 842 | 97 95
117 100 698 | 98 93
117 100 477 | 92 95
117 100 1221 | 117 100
117 100 586 | 106 100
117 100 1648 | 109 99
117 100 92 | 78 98
117 100 1225 | 91 91
117 100 138 | 91 91
117 100 12 | 117 100
117 100 78 | 103 95
117 100 1093 | 91 91
117 100 24 | 106 100
117 100 514 | 109 99
117 100 1102 | 87 93
117 100 68 | 91 91
117 100 1148 | 117 100
117 100 366 | 90 92
117 100 1022 | 117 100
117 100 737 | 77 81
117 100 1299 | 98 93
117 100 1531 | 117 100
117 100 442 | 84 88
117 100 1254 | 99 97
117 100 18 | 105 96
117 100 74 | 78 98
117 100 254 | 106 100
117 100 45 | 106 100
117 100 409 | 91 91
117 100 1739 | 117 100
117 100 449 | 73 88
117 100 1008 | 89 98
117 100 687 | 78 98
117 100 585 | 91 91
117 100 1549 | 105 96
117 100 236 | 103 95
117 100 1024 | 105 96
117 100 906 | 105 96
109 99 1121 | 90 92
117 100 326 | 89 98
117 100 960 | 90 92
117 100 1663 | 117 100
117 100 518 | 99 97
117 100 682 | 78 98
117 100 695 | 98 93
117 100 1095 | 98 93
117 100 1713 | 103 95
117 100 317 | 117 100