117 100 174 | 85 95
103 95 50 | 91 91
109 99 755 | 109 99
106 100 432 | 106 100
117 100 111 | 117 100
109 99 353 | 97 95
117 100 576 | 85 95
117 100 407 | 73 88
117 100 208 | 117 100
109 99 563 | 91 91
117 100 241 | 91 91
117 100 366 | 90 92
103 95 136 | 84 88
106 100 532 | 105 96
109 99 294 | 105 96
117 100 530 | 85 95
117 100 346 | 105 96
109 99 130 | 85 95
106 100 524 | 106 100
117 100 633 | 109 99
106 100 276 | 79 85
106 100 239 | 91 91
117 100 37 | 85 100
106 100 412 | 91 91
109 99 324 | 90 92
117 100 306 | 89 98
105 96 327 | 98 93
117 100 533 | 105 96
117 100 513 | 109 99
109 99 113 | 109 99
117 100 391 | 76 69
109 99 110 | 106 100
117 100 307 | 105 96
117 100 594 | 79 85
117 100 579 | 90 92
105 96 639 | 105 96
117 100 124 | 78 98
106 100 205 | 97 95
105 96 696 | 105 96
117 100 543 | 89 98
109 99 516 | 106 100
117 100 306 | 85 100
117 100 269 | 105 96
117 100 542 | 117 100
117 100 472 | 105 96
109 99 198 | 97 95
117 100 354 | 99 97
117 100 496 | 89 98
117 100 518 | 117 100
109 99 241 | 85 95
117 100 667 | 117 100
106 100 245 | 77 86
106 100 0 | 90 92
109 99 156 | 105 96
109 99 114 | 98 93
105 96 401 | 91 91
109 99 297 | 97 95
109 99 11 | 77 81
117 100 703 | 109 99
91 91 613 | 89 98
109 99 272 | 89 98
117 100 632 | 117 100
109 99 169 | 105 96
109 99 145 | 99 97
106 100 559 | 99 97
109 99 600 | 98 93
117 100 55 | 109 99
117 100 548 | 92 95
117 100 125 | 84 88
109 99 335 | 85 100
117 100 638 | 97 95
109 99 76 | 85 95
109 99 319 | 99 97
105 96 304 | 83 90
117 100 129 | 84 88
117 100 8 | 91 91
105 96 119 | 80 91
105 96 114 | 91 91
98 93 104 | 87 93
105 96 633 | 105 96
117 100 167 | 106 100
117 100 659 | 117 100
117 100 452 | 85 95
117 100 590 | 90 92
117 100 511 | 117 100
105 96 137 | 91 91
109 99 93 | 84 88
109 99 136 | 103 95
117 100 507 | 76 69
117 100 266 | 99 97
117 100 224 | 83 90
105 96 353 | 91 91
117 100 384 | 109 99
106 100 642 | 106 100
106 100 538 | 0 186
117 100 291 | 90 92
117 100 639 | 117 100
91 91 147 | 90 92
106 100 282 | 89 98
117 100 25 | 77 81
105 96 302 | 98 93
99 97 0 | 77 81
109 99 371 | 85 95
117 100 113 | 106 100
105 96 444 | 84 88
117 100 359 | 77 86
117 100 584 | 84 88
117 100 747 | 117 100
117 100 196 | 98 93
117 100 399 | 98 93
117 100 412 | 91 91
99 97 215 | 99 97
103 95 188 | 84 88
117 100 565 | 109 99
117 100 381 | 77 81
117 100 407 | 89 98
117 100 354 | 105 96
109 99 391 | 85 95
117 100 366 | 92 95
117 100 329 | 103 95
109 99 240 | 98 93
109 99 38 | 87 93
109 99 144 | 103 95
117 100 467 | 117 100
117 100 685 | 117 100
109 99 158 | 84 88
117 100 508 | 77 86
117 100 330 | 98 93
117 100 213 | 89 98
117 100 516 | 91 91
117 100 748 | 117 100
117 100 643 | 109 99
97 95 68 | 90 92
117 100 529 | 79 85
109 99 610 | 99 97
109 99 365 | 105 96
117 100 298 | 109 99
109 99 290 | 85 100
109 99 368 | 97 95
117 100 316 | 106 100
117 100 648 | 117 100
105 96 212 | 105 96
117 100 319 | 85 95
109 99 20 | 89 98
106 100 6 | 85 100
109 99 287 | 80 91
117 100 492 | 89 98
117 100 178 | 98 93
117 100 451 | 105 96
103 95 345 | 90 92
117 100 460 | 79 85
106 100 66 | 105 96
109 99 42 | 98 93
109 99 583 | 105 96
117 100 608 | 103 95
106 100 567 | 79 85
109 99 517 | 89 98
117 100 220 | 117 100
117 100 401 | 98 93
117 100 183 | 85 100
109 99 280 | 83 90
106 100 37 | 91 91
117 100 680 | 117 100
117 100 48 | 89 98
117 100 618 | 117 100
105 96 637 | 97 95
109 99 391 | 92 95
117 100 347 | 84 88
117 100 321 | 109 99
117 100 145 | 85 100
109 99 385 | 105 96
117 100 376 | 90 92
103 95 151 | 77 81
117 100 84 | 92 95
109 99 77 | 85 100
117 100 388 | 91 91
117 100 305 | 103 95
117 100 14 | 117 100
106 100 61 | 80 91
117 100 513 | 77 81
105 96 401 | 98 93
117 100 451 | 78 98
117 100 563 | 89 98
117 100 586 | 87 93
106 100 20 | 98 93
117 100 504 | 92 95
117 100 91 | 90 92
117 100 33 | 117 100
117 100 21 | 77 81
105 96 743 | 105 96
117 100 639 | 117 100
117 100 685 | 117 100
117 100 270 | 73 88
109 99 319 | 89 98
117 100 40 | 117 100
105 96 506 | 97 95
109 99 473 | 89 98
117 100 468 | 117 100
105 96 413 | 85 100
117 100 708 | 109 99
109 99 225 | 80 91
117 100 55 | 106 100
117 100 136 | 91 91
117 100 641 | 117 100
117 100 128 | 98 93
117 100 369 | 97 95
106 100 396 | 91 91
109 99 186 | 105 96
117 100 77 | 98 93
117 100 39 | 90 92
109 99 217 | 106 100
117 100 10 | 117 100
106 100 218 | 99 97
117 100 370 | 91 91
117 100 504 | 91 91
117 100 441 | 97 95
117 100 95 | 98 93
117 100 129 | 85 100
109 99 555 | 105 96
117 100 473 | 98 93
109 99 56 | 84 88
103 95 294 | 91 91
109 99 78 | 103 95
117 100 500 | 97 95
109 99 446 | 91 91
109 99 358 | 89 98
99 97 86 | 91 91
117 100 449 | 98 93
109 99 334 | 73 88
99 97 589 | 99 97
117 100 108 | 117 100
99 97 435 | 85 100
117 100 637 | 109 99
92 95 52 | 80 91
117 100 592 | 117 100
117 100 117 | 89 98
117 100 125 | 85 100
106 100 570 | 78 98
109 99 447 | 85 100
117 100 429 | 77 86
117 100 495 | 91 91
117 100 196 | 99 97
109 99 336 | 85 95
117 100 196 | 117 100
109 99 460 | 105 96
105 96 546 | 77 86
117 100 0 | 89 98
97 95 520 | 83 90
106 100 432 | 87 93
109 99 455 | 79 85
106 100 490 | 106 100
109 99 285 | 98 93
117 100 413 | 99 97
117 100 451 | 91 91
106 100 71 | 85 95
117 100 556 | 83 90
117 100 625 | 97 95
117 100 615 | 109 99
117 100 744 | 117 100
106 100 396 | 87 93
117 100 565 | 103 95
117 100 23 | 105 96
109 99 263 | 79 85
117 100 398 | 80 91
117 100 167 | 90 92
117 100 660 | 117 100
117 100 329 | 85 100
117 100 133 | 117 100
105 96 534 | 85 95
117 100 65 | 89 98
106 100 289 | 98 93
109 99 633 | 105 96
117 100 370 | 89 98
117 100 159 | 117 100
92 95 312 | 85 100
117 100 312 | 99 97
109 99 114 | 89 98
117 100 404 | 97 95
109 99 90 | 109 99
106 100 156 | 91 91
106 100 587 | 98 93
109 99 459 | 103 95
117 100 227 | 98 93
109 99 47 | 105 96
117 100 468 | 106 100
117 100 209 | 90 92
92 95 100 | 90 92
117 100 549 | 106 100
117 100 446 | 91 91
117 100 686 | 117 100
105 96 569 | 90 92
117 100 469 | 87 93
105 96 597 | 97 95
117 100 154 | 91 91
117 100 67 | 91 91
109 99 634 | 109 99
117 100 34 | 85 100
106 100 24 | 85 100
117 100 429 | 80 91
117 100 164 | 105 96
117 100 308 | 117 100
109 99 338 | 85 95
117 100 244 | 87 93
117 100 285 | 91 91
117 100 194 | 106 100
117 100 382 | 77 86
109 99 522 | 109 99
117 100 24 | 78 98
117 100 477 | 89 98
117 100 632 | 105 96
117 100 433 | 97 95
105 96 190 | 89 98
117 100 355 | 91 91
117 100 1 | 103 95
117 100 570 | 117 100
98 93 602 | 97 95
117 100 307 | 85 100
109 99 632 | 92 95
117 100 682 | 117 100
117 100 599 | 109 99
117 100 489 | 105 96
105 96 554 | 78 98
106 100 239 | 103 95
117 100 369 | 79 85
109 99 656 | 109 99
117 100 551 | 87 93
117 100 562 | 89 98
117 100 457 | 89 98
117 100 379 | 78 98
105 96 284 | 98 93
109 99 271 | 77 86
117 100 60 | 78 98
117 100 271 | 106 100
106 100 136 | 89 98
117 100 613 | 117 100
103 95 504 | 98 93
117 100 634 | 117 100
109 99 478 | 105 96
117 100 621 | 117 100
117 100 561 | 91 91
106 100 452 | 84 88
99 97 129 | 99 97
117 100 9 | 97 95
117 100 438 | 109 99
105 96 327 | 85 100
109 99 463 | 90 92
109 99 395 | 106 100
117 100 50 | 83 90
117 100 143 | 80 91
117 100 562 | 105 96
109 99 82 | 91 91
117 100 165 | 77 81
117 100 76 | 85 95
92 95 388 | 90 92
117 100 32 | 98 93
117 100 383 | 85 95
105 96 492 | 97 95
117 100 45 | 99 97
117 100 576 | 85 100
117 100 135 | 77 81
117 100 548 | 98 93
117 100 557 | 117 100
117 100 592 | 106 100
117 100 471 | 98 93
117 100 340 | 84 88
105 96 642 | 105 96
109 99 67 | 85 95
117 100 102 | 105 96
117 100 579 | 103 95
117 100 595 | 117 100
117 100 269 | 109 99
103 95 219 | 91 91
117 100 153 | 80 91
106 100 342 | 92 95
117 100 566 | 103 95
109 99 449 | 105 96
105 96 59 | 91 91
117 100 365 | 109 99
117 100 408 | 99 97
106 100 346 | 98 93
92 95 740 | 92 95
117 100 300 | 76 69
117 100 6 | 109 99
105 96 586 | 90 92
117 100 390 | 91 91
109 99 325 | 90 92
109 99 159 | 80 91
98 93 295 | 91 91
109 99 151 | 89 98
117 100 529 | 87 93
117 100 611 | 117 100
117 100 119 | 109 99
117 100 615 | 117 100
109 99 115 | 109 99
109 99 93 | 79 85
117 100 587 | 117 100
109 99 373 | 79 85
109 99 470 | 103 95
105 96 417 | 90 92
109 99 98 | 106 100
109 99 137 | 83 90
109 99 10 | 105 96
117 100 249 | 117 100
106 100 14 | 106 100
117 100 556 | 109 99
105 96 98 | 91 91
117 100 473 | 105 96
117 100 364 | 76 69
105 96 90 | 105 96
117 100 225 | 117 100
109 99 57 | 98 93
109 99 181 | 90 92
99 97 227 | 87 93
117 100 578 | 117 100
117 100 496 | 98 93
105 96 204 | 89 98
106 100 455 | 105 96
109 99 249 | 85 95
117 100 488 | 87 93
117 100 350 | 85 100
117 100 462 | 89 98
117 100 127 | 83 90
98 93 694 | 98 93
106 100 513 | 105 96
117 100 278 | 117 100
106 100 382 | 80 91
117 100 507 | 91 91
117 100 16 | 89 98
106 100 45 | 90 92
109 99 319 | 85 95
117 100 291 | 109 99
105 96 154 | 78 98
97 95 105 | 90 92
106 100 53 | 106 100
117 100 200 | 98 93
98 93 21 | 97 95
117 100 50 | 103 95
99 97 361 | 89 98
117 100 238 | 117 100
105 96 565 | 90 92
109 99 135 | 85 95
117 100 16 | 89 98
109 99 560 | 76 69
106 100 144 | 77 86
109 99 402 | 92 95
117 100 66 | 98 93
109 99 426 | 106 100
117 100 297 | 85 95
106 100 564 | 98 93
117 100 540 | 92 95
117 100 540 | 98 93
117 100 334 | 83 90
117 100 533 | 85 100
117 100 490 | 109 99
106 100 138 | 79 85
109 99 143 | 105 96
117 100 549 | 91 91
117 100 63 | 105 96
109 99 97 | 92 95
117 100 515 | 117 100
92 95 231 | 90 92
117 100 392 | 106 100
117 100 12 | 106 100
109 99 402 | 76 69
109 99 150 | 79 85
117 100 397 | 73 88
117 100 171 | 85 100
117 100 652 | 117 100
117 100 590 | 117 100
105 96 670 | 97 95
109 99 261 | 105 96
117 100 546 | 89 98
117 100 187 | 109 99
109 99 313 | 77 86
117 100 357 | 106 100
117 100 272 | 99 97
117 100 640 | 117 100
117 100 499 | 99 97
117 100 237 | 117 100
117 100 482 | 89 98
117 100 288 | 91 91
105 96 466 | 87 93
117 100 501 | 117 100
117 100 455 | 85 95
117 100 439 | 89 98
117 100 643 | 117 100
117 100 329 | 105 96
117 100 297 | 105 96
109 99 275 | 78 98
117 100 618 | 109 99
109 99 481 | 97 95
117 100 5 | 99 97
117 100 117 | 87 93
106 100 22 | 98 93
109 99 336 | 83 90
117 100 441 | 85 95
105 96 144 | 85 95
106 100 70 | 90 92
106 100 602 | 87 93
117 100 411 | 87 93
106 100 310 | 106 100
117 100 547 | 109 99
117 100 475 | 90 92
117 100 406 | 109 99
117 100 576 | 76 69
117 100 713 | 117 100
103 95 210 | 85 95
106 100 459 | 91 91
117 100 406 | 99 97
106 100 362 | 85 100
105 96 158 | 91 91
106 100 460 | 91 91
117 100 128 | 97 95
117 100 103 | 77 81
117 100 360 | 89 98
117 100 550 | 98 93
117 100 566 | 109 99
117 100 351 | 98 93
117 100 375 | 91 91
117 100 240 | 98 93
117 100 674 | 117 100
105 96 593 | 83 90
117 100 438 | 98 93
117 100 205 | 97 95
109 99 400 | 105 96
106 100 230 | 87 93
105 96 469 | 87 93
117 100 377 | 77 86
117 100 520 | 117 100
117 100 350 | 99 97
117 100 557 | 89 98
117 100 574 | 117 100
117 100 128 | 106 100
117 100 104 | 90 92
106 100 111 | 97 95
103 95 382 | 99 97
117 100 480 | 89 98
117 100 451 | 87 93
109 99 425 | 89 98
117 100 333 | 87 93
117 100 426 | 117 100
117 100 632 | 117 100
117 100 209 | 109 99
117 100 476 | 109 99
117 100 591 | 99 97
109 99 251 | 105 96
117 100 591 | 117 100
105 96 110 | 85 95
117 100 577 | 117 100
117 100 67 | 117 100
117 100 13 | 92 95
117 100 1 | 97 95
117 100 90 | 106 100
109 99 668 | 109 99
117 100 106 | 109 99
109 99 613 | 109 99
106 100 258 | 91 91
117 100 0 | 80 91
105 96 10 | 85 95
117 100 369 | 85 100
109 99 129 | 79 85
117 100 324 | 97 95
117 100 130 | 83 90
117 100 645 | 117 100
117 100 407 | 109 99
117 100 700 | 117 100
117 100 553 | 99 97
117 100 741 | 117 100
105 96 392 | 78 98
109 99 203 | 97 95
117 100 707 | 117 100
109 99 507 | 105 96
109 99 15 | 90 92
97 95 15 | 97 95
109 99 474 | 98 93
117 100 123 | 91 91
99 97 297 | 78 98
109 99 398 | 98 93
117 100 259 | 77 86
117 100 672 | 117 100
117 100 646 | 103 95
109 99 386 | 98 93
117 100 568 | 105 96
117 100 73 | 117 100
105 96 356 | 99 97
97 95 657 | 97 95
105 96 391 | 79 85
109 99 576 | 98 93
117 100 394 | 91 91
117 100 104 | 117 100
117 100 27 | 80 91
117 100 67 | 105 96
109 99 471 | 106 100
105 96 348 | 77 86
117 100 119 | 98 93
117 100 70 | 87 93
109 99 76 | 97 95
106 100 322 | 77 86
109 99 526 | 103 95
109 99 669 | 109 99
109 99 30 | 87 93
109 99 613 | 90 92
117 100 347 | 87 93
106 100 37 | 92 95
117 100 586 | 84 88
117 100 237 | 117 100
117 100 117 | 109 99
106 100 109 | 92 95
117 100 493 | 80 91
117 100 364 | 89 98
117 100 480 | 90 92
117 100 639 | 109 99
105 96 675 | 105 96
106 100 287 | 87 93
109 99 21 | 92 95
117 100 680 | 117 100
117 100 576 | 117 100
105 96 336 | 77 86
105 96 527 | 83 90
117 100 514 | 73 88
117 100 432 | 98 93
117 100 386 | 89 98
98 93 263 | 89 98
117 100 551 | 91 91
99 97 204 | 98 93
106 100 177 | 97 95
117 100 679 | 117 100
99 97 9 | 99 97
117 100 581 | 103 95
117 100 137 | 87 93
105 96 371 | 77 86
109 99 115 | 109 99
105 96 52 | 99 97
109 99 14 | 91 91
117 100 306 | 84 88
117 100 95 | 85 100
109 99 268 | 98 93
106 100 120 | 105 96
105 96 47 | 90 92
103 95 317 | 78 98
117 100 7 | 109 99
105 96 618 | 105 96
117 100 542 | 73 88
117 100 115 | 85 95
109 99 270 | 97 95
103 95 17 | 97 95
117 100 531 | 99 97
109 99 56 | 89 98
105 96 289 | 105 96
117 100 598 | 99 97
109 99 315 | 91 91
117 100 415 | 98 93
117 100 563 | 105 96
106 100 300 | 106 100
105 96 282 | 90 92
117 100 660 | 117 100
109 99 398 | 97 95
117 100 62 | 97 95
106 100 284 | 106 100
103 95 343 | 99 97
109 99 137 | 84 88
105 96 180 | 80 91
105 96 533 | 80 91
109 99 310 | 89 98
117 100 607 | 105 96
109 99 732 | 109 99
117 100 618 | 109 99
117 100 198 | 85 95
117 100 414 | 105 96
117 100 572 | 89 98
99 97 638 | 99 97
109 99 309 | 90 92
117 100 433 | 105 96
105 96 510 | 97 95
117 100 117 | 117 100
117 100 186 | 85 95
105 96 551 | 91 91
109 99 233 | 98 93
105 96 243 | 97 95
117 100 669 | 117 100
117 100 166 | 89 98
117 100 318 | 90 92
106 100 224 | 105 96
99 97 625 | 99 97
117 100 328 | 117 100
109 99 166 | 80 91
117 100 279 | 117 100
117 100 46 | 105 96
117 100 664 | 117 100
117 100 18 | 98 93
117 100 5 | 97 95
117 100 202 | 85 95
109 99 235 | 78 98
106 100 568 | 91 91
117 100 347 | 87 93
97 95 531 | 85 100
106 100 338 | 105 96
117 100 11 | 105 96
117 100 39 | 92 95
117 100 521 | 85 100
117 100 354 | 117 100
109 99 64 | 87 93
117 100 199 | 105 96
106 100 180 | 85 100
117 100 226 | 92 95
117 100 667 | 117 100
117 100 634 | 117 100
97 95 184 | 73 88
109 99 162 | 85 100
117 100 624 | 117 100
109 99 114 | 89 98
109 99 60 | 106 100
109 99 348 | 85 95
117 100 158 | 103 95
106 100 642 | 91 91
117 100 202 | 98 93
117 100 477 | 117 100
117 100 6 | 90 92
117 100 708 | 117 100
109 99 359 | 85 95
117 100 561 | 99 97
117 100 2 | 85 95
117 100 287 | 109 99
109 99 135 | 73 88
98 93 265 | 89 98
109 99 175 | 106 100
109 99 464 | 98 93
106 100 21 | 87 93
117 100 227 | 109 99
117 100 350 | 77 86
117 100 106 | 99 97
109 99 549 | 77 81
105 96 34 | 84 88
117 100 525 | 89 98
117 100 218 | 89 98
109 99 276 | 106 100
117 100 645 | 109 99
105 96 562 | 73 88
117 100 268 | 84 88
117 100 307 | 87 93
106 100 174 | 87 93
117 100 176 | 84 88
117 100 164 | 98 93
106 100 524 | 105 96
106 100 22 | 98 93
109 99 106 | 105 96
109 99 209 | 78 98
117 100 511 | 97 95
105 96 81 | 87 93
117 100 532 | 91 91
117 100 603 | 117 100
117 100 41 | 85 95
99 97 10 | 77 86
117 100 119 | 87 93
117 100 462 | 98 93
117 100 380 | 85 100
117 100 629 | 117 100
105 96 452 | 90 92
117 100 28 | 117 100
106 100 50 | 85 95
117 100 301 | 106 100
106 100 308 | 91 91
117 100 34 | 90 92
106 100 403 | 89 98
109 99 239 | 98 93
117 100 227 | 97 95
117 100 549 | 109 99
105 96 634 | 105 96
117 100 55 | 105 96
103 95 428 | 99 97
117 100 568 | 91 91
109 99 10 | 85 100
117 100 81 | 117 100
103 95 304 | 99 97
98 93 376 | 83 90
98 93 41 | 91 91
106 100 512 | 89 98
109 99 669 | 109 99
117 100 815 | 117 100
103 95 8 | 85 100
117 100 358 | 83 90
117 100 466 | 78 98
91 91 324 | 89 98
117 100 227 | 89 98
106 100 299 | 84 88
109 99 340 | 97 95
117 100 34 | 117 100
106 100 317 | 83 90
97 95 53 | 89 98
92 95 199 | 90 92
109 99 258 | 106 100
117 100 634 | 117 100
117 100 566 | 91 91
117 100 611 | 103 95
109 99 494 | 77 86
106 100 497 | 92 95
117 100 446 | 103 95
103 95 87 | 85 100
109 99 274 | 105 96
99 97 282 | 85 95
117 100 443 | 117 100
109 99 232 | 92 95
117 100 631 | 117 100
117 100 570 | 117 100
109 99 379 | 91 91
117 100 586 | 87 93
117 100 6 | 84 88
99 97 317 | 91 91
117 100 356 | 91 91
103 95 373 | 84 88
117 100 515 | 83 90
117 100 379 | 109 99
98 93 388 | 84 88
117 100 310 | 106 100
109 99 327 | 90 92
117 100 569 | 97 95
117 100 28 | 105 96
109 99 676 | 109 99
106 100 45 | 91 91
117 100 565 | 83 90
105 96 313 | 98 93
117 100 520 | 76 69
97 95 545 | 77 81
109 99 346 | 98 93
109 99 233 | 78 98
117 100 715 | 117 100
117 100 300 | 117 100
106 100 179 | 105 96
109 99 575 | 103 95
109 99 481 | 109 99
117 100 590 | 85 100
117 100 2 | 106 100
117 100 198 | 117 100
117 100 9 | 97 95
117 100 463 | 79 85
99 97 290 | 73 88
117 100 179 | 109 99
109 99 5 | 91 91
109 99 562 | 78 98
117 100 39 | 98 93
109 99 37 | 90 92
99 97 33 | 98 93
117 100 634 | 109 99
105 96 557 | 98 93
106 100 350 | 89 98
117 100 486 | 105 96
117 100 75 | 117 100
109 99 582 | 87 93
117 100 106 | 89 98
117 100 269 | 99 97
99 97 253 | 98 93
117 100 11 | 109 99
117 100 818 | 117 100
97 95 133 | 87 93
117 100 508 | 109 99
117 100 635 | 117 100
106 100 230 | 91 91
109 99 564 | 85 100
99 97 196 | 84 88
106 100 436 | 98 93
106 100 371 | 83 90
109 99 145 | 92 95
106 100 211 | 83 90
117 100 76 | 91 91
117 100 396 | 117 100
117 100 545 | 99 97
105 96 284 | 85 100
106 100 432 | 85 100
106 100 385 | 97 95
106 100 111 | 90 92
105 96 118 | 105 96
117 100 510 | 117 100
117 100 114 | 117 100
117 100 563 | 89 98
117 100 670 | 117 100
106 100 465 | 91 91
117 100 641 | 109 99
117 100 289 | 109 99
117 100 623 | 109 99
117 100 394 | 89 98
117 100 484 | 83 90
117 100 242 | 109 99
117 100 79 | 89 98
117 100 217 | 80 91
103 95 480 | 83 90
109 99 37 | 77 81
109 99 336 | 90 92
109 99 562 | 99 97
105 96 177 | 89 98
106 100 218 | 90 92
109 99 371 | 106 100
117 100 316 | 78 98
117 100 329 | 91 91
117 100 582 | 103 95
97 95 352 | 77 86
106 100 256 | 103 95
117 100 451 | 77 81
106 100 29 | 105 96
109 99 361 | 85 100
106 100 121 | 89 98
117 100 244 | 105 96
117 100 516 | 105 96
117 100 635 | 103 95
117 100 187 | 91 91
106 100 721 | 106 100
109 99 147 | 84 88
117 100 499 | 90 92
117 100 485 | 79 85
117 100 668 | 117 100
109 99 493 | 90 92
117 100 445 | 97 95
117 100 467 | 77 81
117 100 48 | 79 85
117 100 730 | 117 100
117 100 317 | 103 95
109 99 556 | 84 88
117 100 209 | 105 96
117 100 1 | 106 100
117 100 459 | 105 96
109 99 311 | 106 100
109 99 95 | 91 91
109 99 92 | 99 97
117 100 659 | 117 100
117 100 776 | 117 100
117 100 287 | 106 100
105 96 119 | 77 86
117 100 434 | 117 100
91 91 146 | 77 86
109 99 78 | 89 98
117 100 659 | 117 100
106 100 63 | 89 98
117 100 177 | 99 97
117 100 219 | 85 100
117 100 57 | 77 81
117 100 437 | 87 93
117 100 203 | 98 93
117 100 14 | 109 99
109 99 77 | 80 91
106 100 232 | 98 93
117 100 247 | 90 92
106 100 462 | 84 88
109 99 382 | 78 98
98 93 55 | 80 91
117 100 203 | 98 93
109 99 1 | 85 95
117 100 70 | 83 90
117 100 262 | 89 98
117 100 243 | 117 100
117 100 23 | 117 100
109 99 373 | 99 97
103 95 428 | 78 98
105 96 296 | 80 91
117 100 690 | 117 100
106 100 117 | 92 95
117 100 739 | 117 100
117 100 65 | 97 95
117 100 78 | 85 100
97 95 36 | 87 93
117 100 381 | 117 100
117 100 258 | 99 97
117 100 670 | 117 100
117 100 552 | 76 69
106 100 124 | 91 91
109 99 233 | 77 81
117 100 0 | 105 96
109 99 521 | 105 96
117 100 38 | 103 95
109 99 535 | 98 93
105 96 603 | 83 90
117 100 323 | 79 85
117 100 493 | 106 100
117 100 212 | 89 98
117 100 238 | 76 69
109 99 476 | 90 92
105 96 28 | 98 93
117 100 330 | 84 88
99 97 49 | 97 95
99 97 332 | 97 95
91 91 34 | 77 86
117 100 596 | 117 100
106 100 128 | 105 96
117 100 248 | 106 100
109 99 136 | 87 93
109 99 522 | 106 100
117 100 236 | 77 81
117 100 110 | 97 95
117 100 464 | 99 97
109 99 295 | 109 99
117 100 460 | 77 81
109 99 383 | 83 90
98 93 295 | 73 88
117 100 53 | 84 88
117 100 555 | 77 81
91 91 348 | 77 86
109 99 469 | 99 97
91 91 344 | 87 93
117 100 448 | 91 91
117 100 729 | 117 100
117 100 210 | 105 96
105 96 10 | 79 85